0:
2, 2, -0.6, -0.6, -0.6, -0.6, 2, 2, 
0.4, 0, 0, 0, -0.3, -2, 0.4, 0.3, 
0, 0, 0, 0, 0, 0, 0, 0, 

---
1.1:
2, 2, -0.6, -0.6, -0.6, -0.6, 2, 2, 
0.4, 0, 0, 0, -0.3, -2, 0.5, 0.3, 
0, 0, 0, 0, 0, 0, 0, 0, 

---
51.1:
2, 2, -0.6, -0.6, -0.6, -0.6, 2, 2, 
0.4, 0, 0, 0, -0.3, -2, 0.5, 0.03, 
0, 0, 0, 0, 0, 0, 0, 0, 

---
53.1:
2, 2, -0.6, -0.6, -0.6, -0.6, 2, 2, 
0.4, 0, 0, 0, -0.3, -2, 0.5, 0.3, 
0, 0, 0, 0, 0, 0, 0, 0, 

---
53.11:
-0.05, 2, -0.004, -0.6, 0.4, -0.6, 0.3, 0.3, 
0.4, 0, 0, 0, -0.3, -2, 0.5, 0.01, 
0, 0, 0, 0, 0, 0, 0, 0, 

---
123.12:
-0.05, 2, -5, -0.6, 0.4, -0.6, 0, 0, 
0.4, 0, 0, 0, -0.3, -2, 0.5, 0.01, 
0, 0, 0, 0, 0, 0, 0, 0, 

---
133.121:
-0.05, 2, -5, -0.6, 0.4, -0.6, 0, 0, 
0.4, 0, 0, 0, -0.3, -2, 0.5, 0.01, 
0, 0, 0, 0, 0, 0, 0, 0, 

---
133.221:
-0.05, 2, -5, -0.6, 0.4, -0.6, 0, 0, 
0.4, 0, 0, 0, -0.3, -2, 0.5, 0.01, 
0, 0, 0, 0, 0, 0, 0, 0, 

---
133.321:
-0.05, 2, -5, -0.6, 0.4, -0.6, 0, 0, 
0.4, 0, 0, 0, -0.3, -2, 0.5, 0.01, 
0, 0, 0, 0, 0, 0, 0, 0, 

---
133.421:
-0.05, 2, -5, -0.6, 0.4, -0.6, 0, 0, 
0.4, 0, 0, 0, -0.3, -2, 0.5, 0.01, 
0, 0, 0, 0, 0, 0, 0, 0, 

---
133.521:
-0.05, 2, -5, -0.6, 0.4, -0.6, 0, 0, 
0.4, 0, 0, 0, -0.3, -2, 0.5, 0.01, 
0, 0, 0, 0, 0, 0, 0, 0, 

---
133.621:
-0.05, 2, -5, -0.6, 0.4, -0.6, 0, 0, 
0.4, 0, 0, 0, -0.3, -3, 0.5, 0.01, 
0, 0, 0, 0, 0, 0, 0, 0, 

---
133.721:
-0.05, 2, -5, -0.6, 0.4, -0.6, 0, 0, 
0.4, 0, 0, 0, -0.3, -3, 0.5, 0.01, 
0, 0, 0, 0, 0, 0, 0, 0, 

---
133.821:
-0.05, 2, -5, -0.6, 0.4, -0.6, 0, 0, 
0.4, 0, 0, 0, -0.3, -3, 0.5, 0.01, 
0, 0, 0, 0, 0, 0, 0, 0, 

---
133.921:
-0.05, 2, -5, -0.6, 0.4, -0.6, 0, 0, 
0.4, 0, 0, 0, -0.3, -3, 0.5, 0.01, 
0, 0, 0, 0, 0, 0, 0, 0, 

---
134.021:
-0.05, 2, -5, -0.6, 0.4, -0.6, 0, 0, 
0.4, 0, 0, 0, -0.3, -3, 0.5, 0.01, 
0, 0, 0, 0, 0, 0, 0, 0, 

---
134.121:
-0.05, 2, -5, -0.6, 0.4, -0.6, 0, 0, 
0.4, 0, 0, 0, -0.3, -3, 0.5, 0.01, 
0, 0, 0, 0, 0, 0, 0, 0, 

---
135.121:
0.5, 2, -5, -0.6, 0, -0.6, 0, 0, 
0.4, 0, 0, 0, -0.3, -3, 0.5, 0.3, 
0, 0, 0, 0, 0, 0, 0, 0, 

---
141.121:
0.5, 2, -5, -0.6, 0, -0.6, 0, 0, 
0.4, 0, 0, 0, -0.3, -3, 0.4, 0.3, 
0, 0, 0, 0, 0, 0, 0, 0, 

---
190.521:
0.5, 2, -5, -0.6, 0, -0.6, 0, 0, 
0.4, 0, 0, 0, -0.3, -3, 0.4, 0.3, 
0, 0, 0, 0, 0, 0, 0, 0, 

---
197.621:
2, 2, -0.6, -0.6, -0.6, -0.6, 2, 2, 
0.4, 0, 0, 0, -0.3, -2, 0.4, 0.3, 
0, 0, 0, 0, 0, 0, 0, 0, 

---
