1:
A: 1, 0, 0, 0, 0, 0, 0, 0, 
B: 0, 0, 0, 0, 0, 0, 0, 0, 
C: 0, 0, 0, 0, 0, 0, 0, 0, 
D: 0, 0, 0, 0, 0, 0, 0, 0, 
0, 0, 0, 0, 0, 0, 0, 0, 
0, 0, 0, 0, 0, 0, 0, 0, 
0, 0, 0, 0, 0, 0, 0, 0, 
0, 0, 0, 0, 0, 0, 0, 0, 

---
2:
A: 1, 0, 1, 1, 0, 0, 0, 0, 
B: 1, 0, 0, 0, 0, 0, 0, 0, 
C: 0, 0, 0, 0, 0, 0, 0, 0, 
D: 0, 0, 0, 0, 0, 0, 0, 0, 
0, 0, 0, 0, 0, 0, 0, 0, 
0, 0, 0, 0, 0, 0, 0, 0, 
0, 0, 0, 0, 0, 0, 0, 0, 
0, 0, 0, 0, 0, 0, 0, 0, 

---
85:
A: 1, 1, 1, 1, 0, 0, 0, 0, 
B: 1, 0, 0, 0, 0, 0, 0, 0, 
C: 0, 0, 0, 0, 0, 0, 0, 0, 
D: 0, 0, 0, 0, 0, 0, 0, 0, 
0, 0, 0, 0, 0, 0, 0, 0, 
0, 0, 0, 0, 0, 0, 0, 0, 
0, 0, 0, 0, 0, 0, 0, 0, 
0, 0, 0, 0, 0, 0, 0, 0, 

---
85.15:
A: 1, 0, 0, 0, 0, 0, 0, 0, 
B: 1, 0, 0, 0, 0, 0, 0, 0, 
C: 0, 0, 0, 0, 0, 0, 0, 0, 
D: 0, 0, 0, 0, 0, 0, 0, 0, 
0, 0, 0, 0, 0, 0, 0, 0, 
0, 0, 0, 0, 0, 0, 0, 0, 
0, 0, 0, 0, 0, 0, 0, 0, 
0, 0, 0, 0, 0, 0, 0, 0, 

---
85.16:
A: 1, 0, 0, 0, 1, 0, 0, 0, 
B: 1, 0, 0, 0, 0, 0, 0, 0, 
C: 0, 0, 0, 0, 0, 0, 0, 0, 
D: 0, 0, 0, 0, 0, 0, 0, 0, 
0, 0, 0, 0, 0, 0, 0, 0, 
0, 0, 0, 0, 0, 0, 0, 0, 
0, 0, 0, 0, 0, 0, 0, 0, 
0, 0, 0, 0, 0, 0, 0, 0, 

---
115.2:
A: 1, 0, 0, 0, 0, 1, 0, 0, 
B: 1, 0, 0, 0, 0, 0, 0, 0, 
C: 0, 0, 0, 0, 0, 0, 0, 0, 
D: 0, 0, 0, 0, 0, 0, 0, 0, 
0, 0, 0, 0, 0, 0, 0, 0, 
0, 0, 0, 0, 0, 0, 0, 0, 
0, 0, 0, 0, 0, 0, 0, 0, 
0, 0, 0, 0, 0, 0, 0, 0, 

---
165.2:
A: 1, 0, 0, 0, 0, 0, 0, 0, 
B: 1, 0, 0, 0, 0, 0, 0, 0, 
C: 0, 0, 0, 0, 0, 0, 0, 0, 
D: 0, 0, 0, 0, 0, 0, 0, 0, 
0, 0, 0, 0, 0, 0, 0, 0, 
0, 0, 0, 0, 0, 0, 0, 0, 
0, 0, 0, 0, 0, 0, 0, 0, 
0, 0, 0, 0, 0, 0, 0, 0, 

---
195.2:
A: 1, 0, 0, 0, 0, 0, 1, 0, 
B: 1, 0, 0, 0, 0, 0, 0, 0, 
C: 0, 0, 0, 0, 0, 0, 0, 0, 
D: 0, 0, 0, 0, 0, 0, 0, 0, 
0, 0, 0, 0, 0, 0, 0, 0, 
0, 0, 0, 0, 0, 0, 0, 0, 
0, 0, 0, 0, 0, 0, 0, 0, 
0, 0, 0, 0, 0, 0, 0, 0, 

---
215.2:
A: 1, 0, 0, 0, 0, 0, 0, 0, 
B: 1, 0, 0, 0, 0, 0, 0, 0, 
C: 0, 0, 0, 0, 0, 0, 0, 0, 
D: 0, 0, 0, 0, 0, 0, 0, 0, 
0, 0, 0, 0, 0, 0, 0, 0, 
0, 0, 0, 0, 0, 0, 0, 0, 
0, 0, 0, 0, 0, 0, 0, 0, 
0, 0, 0, 0, 0, 0, 0, 0, 

---
226.2:
A: 1, 0, 0, 0, 0, 0, 0, 0, 
B: 1, 1, 0, 0, 0, 0, 0, 0, 
C: 0, 0, 0, 0, 0, 0, 0, 0, 
D: 0, 0, 0, 0, 0, 0, 0, 0, 
0, 0, 0, 0, 0, 0, 0, 0, 
0, 0, 0, 0, 0, 0, 0, 0, 
0, 0, 0, 0, 0, 0, 0, 0, 
1, 0, 0, 0, 0, 0, 0, 0, 

---
227.2:
A: 1, 0, 0, 0, 0, 0, 1, 0, 
B: 1, 1, 0, 0, 0, 0, 0, 0, 
C: 0, 0, 0, 0, 0, 0, 0, 0, 
D: 0, 0, 0, 0, 0, 0, 0, 0, 
0, 0, 0, 0, 0, 0, 0, 0, 
0, 0, 0, 0, 0, 0, 0, 0, 
0, 0, 0, 0, 0, 0, 0, 0, 
1, 0, 0, 0, 0, 0, 0, 0, 

---
302.2:
A: 1, 0, 0, 0, 0, 0, 0, 0, 
B: 1, 1, 0, 0, 0, 0, 0, 0, 
C: 0, 0, 0, 0, 0, 0, 0, 0, 
D: 0, 0, 0, 0, 0, 0, 0, 0, 
0, 0, 0, 0, 0, 0, 0, 0, 
0, 0, 0, 0, 0, 0, 0, 0, 
0, 0, 0, 0, 0, 0, 0, 0, 
1, 0, 0, 0, 0, 0, 0, 0, 

---
312.2:
A: 1, 0, 0, 0, 0, 0, 0, 0, 
B: 1, 0, 0, 0, 0, 0, 0, 0, 
C: 0, 0, 0, 0, 0, 0, 0, 0, 
D: 0, 0, 0, 0, 0, 0, 0, 0, 
0, 0, 0, 0, 0, 0, 0, 0, 
0, 0, 0, 0, 0, 0, 0, 0, 
0, 0, 0, 0, 0, 0, 0, 0, 
0, 0, 0, 0, 0, 0, 0, 0, 

---
323.2:
A: 1, 0, 0, 0, 0, 0, 1, 0, 
B: 1, 0, 0, 0, 0, 0, 0, 0, 
C: 0, 0, 0, 0, 0, 0, 0, 0, 
D: 0, 0, 0, 0, 0, 0, 0, 0, 
0, 0, 0, 0, 0, 0, 0, 0, 
0, 0, 0, 0, 0, 0, 0, 0, 
0, 0, 0, 0, 0, 0, 0, 0, 
0, 0, 0, 0, 0, 0, 0, 0, 

---
20323.2:
A: 1, 0, 0, 0, 0, 0, 0, 0, 
B: 1, 0, 0, 0, 0, 0, 0, 0, 
C: 0, 0, 0, 0, 0, 0, 0, 0, 
D: 0, 0, 0, 0, 0, 0, 0, 0, 
0, 0, 0, 0, 0, 0, 0, 0, 
0, 0, 0, 0, 0, 0, 0, 0, 
0, 0, 0, 0, 0, 0, 0, 0, 
0, 0, 0, 0, 0, 0, 0, 0, 

---
20334.2:
A: 1, 0, 0, 0, 0, 0, 0, 0, 
B: 1, 1, 0, 0, 0, 0, 0, 0, 
C: 0, 0, 0, 0, 0, 0, 0, 0, 
D: 0, 0, 0, 0, 0, 0, 0, 0, 
0, 0, 0, 0, 0, 0, 0, 0, 
0, 0, 0, 0, 0, 0, 0, 0, 
0, 0, 0, 0, 0, 0, 0, 0, 
1, 0, 0, 0, 0, 0, 0, 0, 

---
20335.2:
A: 1, 0, 0, 0, 0, 0, 1, 0, 
B: 1, 1, 0, 0, 0, 0, 0, 0, 
C: 0, 0, 0, 0, 0, 0, 0, 0, 
D: 0, 0, 0, 0, 0, 0, 0, 0, 
0, 0, 0, 0, 0, 0, 0, 0, 
0, 0, 0, 0, 0, 0, 0, 0, 
0, 0, 0, 0, 0, 0, 0, 0, 
1, 0, 0, 0, 0, 0, 0, 0, 

---
20410.2:
A: 1, 0, 0, 0, 0, 0, 0, 0, 
B: 1, 1, 0, 0, 0, 0, 0, 0, 
C: 0, 0, 0, 0, 0, 0, 0, 0, 
D: 0, 0, 0, 0, 0, 0, 0, 0, 
0, 0, 0, 0, 0, 0, 0, 0, 
0, 0, 0, 0, 0, 0, 0, 0, 
0, 0, 0, 0, 0, 0, 0, 0, 
1, 0, 0, 0, 0, 0, 0, 0, 

---
20420.2:
A: 1, 0, 0, 0, 0, 0, 0, 0, 
B: 0, 0, 0, 0, 0, 0, 0, 0, 
C: 0, 0, 0, 0, 0, 0, 0, 0, 
D: 0, 0, 0, 0, 0, 0, 0, 0, 
0, 0, 0, 0, 0, 0, 0, 0, 
0, 0, 0, 0, 0, 0, 0, 0, 
0, 0, 0, 0, 0, 0, 0, 0, 
0, 0, 0, 0, 0, 0, 0, 0, 

---
20470.2:
A: 0, 0, 0, 0, 0, 0, 0, 0, 
B: 0, 0, 0, 0, 0, 0, 0, 0, 
C: 0, 0, 0, 0, 0, 0, 0, 0, 
D: 0, 0, 0, 0, 0, 0, 0, 0, 
0, 0, 0, 0, 0, 0, 0, 0, 
0, 0, 0, 0, 0, 0, 0, 0, 
0, 0, 0, 0, 0, 0, 0, 0, 
0, 0, 0, 0, 0, 0, 0, 0, 

---
